636, 796, 124, 56, 149, 122, 847, 22, 78, 410, 243, 18, 68, 589, 19, 185, 204, 950, 43, 420, 100, 
435, 407, 60, 376, 349, 529, 304, 475, 265, 995, 318, 430, 120, 889, 760, 777, 518, 303, 286, 323, 
869, 41, 982, 421, 316, 233, 872, 2, 972, 608, 473, 335, 174, 530, 931, 783, 267, 141, 976, 614, 870,
780, 156, 802, 301, 256, 559, 563, 626, 25, 922, 3, 677, 698, 716, 354, 581, 813, 353, 639, 732, 859,
102, 868, 331, 9, 71, 357, 377, 237, 616, 39, 915, 164, 948, 856, 181, 451, 588, 768, 879, 145, 781,
398, 718, 108, 921, 947, 787, 27, 597, 249, 683, 372, 942, 365, 314, 999, 157, 452, 650, 925, 979, 
740, 459, 501, 712, 348, 173, 573, 189, 533, 168, 672, 903, 641, 55, 50, 36, 736, 231, 553, 549, 844,
621, 126, 89, 178, 309, 567, 87, 510, 504, 688, 90, 369, 346, 202, 835, 406, 527, 909, 865, 298, 538,
693, 513, 863, 131, 766, 640, 874, 723, 250, 878, 700, 850, 371, 800, 528, 294, 970, 775, 104, 302,
891, 755, 765, 548, 283, 727, 389, 625, 179, 139, 192, 943, 241, 793, 499, 617, 960, 288, 441, 759,
774, 940, 262, 356, 615, 151, 958, 623, 422, 978, 961, 230, 669, 465, 439, 28, 586, 162, 611, 601,
664, 772, 458, 385, 276, 607, 886, 733, 757, 805, 555, 299, 171, 645, 957, 67, 125, 117, 388, 630, 
138, 794, 977, 619, 574, 322, 73, 656, 360, 397, 516, 391, 537, 165, 194, 964, 962, 576, 841, 445,
570, 221, 773, 239, 279, 901, 719, 455, 854, 902, 561, 271, 211, 62, 744, 176, 521, 469, 545, 508,
332, 770, 438, 199, 217, 827, 673, 784, 269, 428, 196, 245, 905, 293, 855, 382, 313, 590, 471, 248,
531, 8, 506, 864, 161, 474, 387, 935, 624, 290, 5, 58, 515, 699, 414, 468, 327, 662, 871, 994, 603,
539, 534, 799, 300, 674, 790, 819, 270, 836, 37, 634, 610, 44, 540, 554, 701, 809, 743, 17, 983, 647,
996, 823, 680, 442, 226, 305, 990, 457, 123, 821, 522, 69, 916, 491, 690, 678, 944, 675, 535, 881,
520, 609, 15, 163, 704, 558, 64, 114, 646, 951, 753, 180, 74, 366, 875, 11, 725, 565, 128, 550, 848,
187, 54, 735, 13, 484, 551, 967, 317, 456, 454, 493, 806, 808, 956, 767, 261, 275, 895, 507, 340, 705,
184, 557, 448, 556, 483, 811, 274, 769, 973, 583, 830, 857, 417, 605, 833, 253, 991, 166, 223, 694,
30, 70, 486, 860, 351, 205, 347, 885, 613, 896, 197, 579, 77, 849, 170, 552, 679, 596, 689, 282, 824,
585, 764, 566, 890, 826, 622, 315, 412, 159, 945, 206, 789, 654, 612, 191, 328, 750, 981, 980, 361,
79, 259, 620, 289, 200, 853, 72, 649, 986, 334, 75, 444, 571, 88, 963, 519, 324, 408, 710, 399, 358,
264, 749, 1000, 46, 692, 762, 212, 851, 4, 403, 453, 296, 946, 631, 240, 235, 754, 242, 329, 728, 450,
154, 663, 31, 210, 312, 209, 363, 319, 670, 532, 642, 668, 91, 838, 476, 717, 447, 786, 974, 987, 569, 
461, 988, 227, 281, 592, 496, 118, 352, 134, 359, 892, 633, 66, 939, 831, 707, 229, 542, 38, 779, 738, 
721, 495, 182, 219, 97, 661, 880, 101, 203, 292, 136, 40, 924, 137, 195, 572, 463, 419, 676, 287, 523, 
632, 466, 383, 815, 927, 218, 877, 711, 797, 818, 653, 682, 582, 172, 175, 143, 917, 546, 858, 110, 384, 
254, 321, 703, 954, 778, 310, 511, 425, 706, 153, 697, 20, 278, 489, 148, 560, 224, 6, 82, 591, 436, 51, 
222, 198, 479, 843, 814, 658, 53, 687, 307, 599, 413, 965, 842, 929, 832, 333, 364, 734, 378, 544, 477, 
443, 969, 52, 272, 297, 291, 498, 367, 968, 330, 810, 788, 119, 24, 502, 659, 480, 255, 350, 746, 785, 
129, 494, 730, 21, 95, 660, 96, 898, 373, 930, 894, 93, 263, 113, 490, 121, 635, 135, 512, 216, 731,
244, 33, 14, 926, 232, 394, 92, 400, 48, 932, 541, 752, 883, 684, 132, 923, 392, 913, 116, 107, 115, 133,
482, 952, 839, 273, 562, 937, 247, 984, 258, 888, 514, 756, 155, 485, 702, 657, 415, 284, 80, 726, 595, 
57, 667, 696, 686, 665, 98, 341, 801, 16, 109, 409, 83, 580, 81, 434, 575, 912, 966, 949, 150, 426, 992, 
401, 547, 816, 295, 852, 311, 758, 386, 846, 837, 911, 1, 934, 146, 99, 336, 437, 63, 600, 666, 238, 188, 
691, 825, 190, 761, 997, 941, 61, 380, 374, 464, 739, 418, 584, 130, 989, 655, 472, 907, 12, 152, 593, 
103, 35, 578, 628, 86, 993, 167, 201, 344, 220, 169, 306, 715, 177, 111, 423, 234, 65, 106, 492, 342,
652, 147, 338, 798, 246, 487, 225, 34, 920, 375, 325, 285, 577, 985, 953, 213, 671, 433, 829, 84, 393, 
709, 85, 470, 776, 268, 747, 404, 919, 368, 882, 602, 208, 29, 467, 543, 998, 525, 834, 822, 604, 643, 
900, 782, 339, 910, 411, 971, 685, 427, 381, 497, 505, 308, 260, 914, 618, 343, 742, 933, 277, 183, 893, 
355, 791, 416, 449, 280, 500, 345, 460, 7, 729, 594, 432, 94, 228, 887, 105, 918, 587, 908, 695, 462, 884,
906, 737, 862, 396, 803, 708, 955, 681, 252, 720, 861, 186, 866, 714, 26, 724, 771, 867, 741, 904, 160, 32, 
817, 326, 651, 820, 362, 928, 266, 395, 876, 429, 713, 975, 49, 804, 897, 807, 431, 751, 390, 215, 503, 127, 
251, 845, 828, 214, 524, 481, 840, 637, 144, 509, 638, 207, 478, 59, 158, 536, 140, 936, 606, 402, 812, 446,
142, 959, 45, 337, 748, 42, 193, 644, 899, 424, 627, 257, 938, 873, 370, 320, 526, 568, 405, 722, 763, 745, 
629, 23, 379, 440, 517, 10, 47, 76, 795, 488, 236, 112, 598, 792, 564, 648
