370,225,17,496,304,97,20,404,368,462,442,258,74,323,204,237,36,68,200,24,317,347,307,89,284,216,345,
184,401,253,288,29,487,297,214,365,136,377,446,147,241,132,388,52,353,453,152,415,106,146,397,180,
71,199,393,491,414,230,358,458,395,31,294,293,3,291,337,425,486,48,118,12,454,103,85,11,398,160,247,
439,366,452,95,468,115,260,83,497,360,66,381,273,311,202,262,485,154,23,108,149,437,69,350,240,158,
281,54,421,139,280,55,403,285,330,219,49,435,392,316,463,423,101,451,229,481,474,263,131,51,430,448,
33,189,126,232,182,43,76,282,163,287,56,436,482,121,332,384,251,387,426,494,447,93,428,424,269,349,
150,176,25,175,265,410,259,295,195,279,417,226,64,340,47,449,10,102,125,100,472,441,60,367,444,186,
27,478,277,475,234,420,318,309,222,391,302,53,310,67,460,105,73,58,267,413,13,112,110,408,405,213,
348,40,268,92,39,465,385,99,201,7,484,390,28,130,113,361,46,470,104,480,300,364,283,70,231,120,57,
215,15,466,157,135,198,351,341,248,84,419,339,128,5,116,334,191,336,500,322,314,278,162,342,308,
159,331,255,171,320,220,223,217,369,59,38,209,211,190,75,187,88,140,495,133,98,459,445,246,45,461,
427,386,313,172,473,399,169,274,32,357,77,87,6,119,165,400,86,286,374,153,50,325,272,196,26,298,
148,4,168,338,429,305,467,114,257,450,492,252,456,476,489,197,134,376,499,407,431,129,469,109,344,
19,301,210,72,107,167,266,296,326,156,96,396,382,411,479,271,235,16,416,37,359,35,477,62,193,355,
383,362,378,264,80,324,79,2,44,250,242,270,61,328,9,63,402,127,91,137,90,238,249,319,455,371,343,
327,471,122,34,94,224,356,123,245,306,174,254,218,42,276,164,18,228,117,394,22,493,244,81,178,464,
289,151,261,354,335,206,457,483,375,432,379,141,111,124,329,227,290,389,166,498,181,363,373,488,
321,203,179,144,412,21,443,352,173,142,418,299,256,490,143,1,161,434,440,433,239,207,438,183,372,
243,292,422,185,315,303,8,145,212,208,233,409,312,177,14,205,333,138,380,221,41,192,30,170,346,188,
155,194,78,65,236,275,406,82
